%%MatrixMarket matrix coordinate real general
92 48 254                                         
1 1 1
1 2 1
3 2 1
3 3 1
3 4 1
3 5 1
3 6 2
3 7 1
3 8 1
3 9 1
3 10 1
5 5 1
5 6 1
5 11 1
5 12 1
5 13 1
5 14 1
5 15 1
7 2 1
7 4 1
7 7 1
7 9 1
7 16 1
7 17 2
7 18 1
7 19 2
9 16 1
9 20 1
9 21 1
9 22 1
11 22 2
11 23 1
11 24 1
11 25 2
13 16 1
13 22 1
13 23 1
13 24 1
13 26 2
22 27 1
22 28 1
22 29 1
22 30 1
26 27 1
26 28 1
26 29 1
26 30 1
28 9 1
28 16 1
28 17 1
28 19 1
28 21 1
28 25 1
28 31 1
28 32 1
32 2 1
32 3 1
32 8 1
32 10 1
32 25 1
32 33 1
32 34 1
32 35 1
32 36 1
32 37 1
32 38 1
32 39 1
32 40 1
32 41 1
32 42 1
33 2 1
33 3 1
33 8 1
33 10 1
33 25 1
33 26 1
33 33 1
33 34 1
33 35 1
33 36 1
33 37 1
33 38 1
33 39 1
33 40 1
33 41 1
33 42 1
33 43 1
34 1 1
34 3 2
34 8 1
34 12 1
34 17 1
34 19 1
34 31 1
34 32 1
34 43 1
34 44 1
34 45 2
36 19 1
36 44 1
36 45 1
36 46 1
38 2 1
38 3 1
38 5 1
38 10 1
38 13 1
38 14 1
38 15 1
38 18 1
38 47 1
40 2 1
40 47 1
40 48 1
42 6 1
42 11 1
42 14 1
42 15 3
42 26 1
42 44 1
42 46 1
44 12 1
44 15 1
44 20 1
44 21 1
44 47 1
44 48 1
47 1 1
47 2 1
49 2 1
49 3 1
49 4 1
49 5 1
49 6 2
49 7 1
49 8 1
49 9 1
49 10 1
51 5 1
51 6 1
51 11 1
51 12 1
51 13 1
51 14 1
51 15 1
53 2 1
53 4 1
53 7 1
53 9 1
53 16 1
53 17 2
53 18 1
53 19 2
55 16 1
55 20 1
55 21 1
55 22 1
57 22 2
57 23 1
57 24 1
57 25 2
59 16 1
59 22 1
59 23 1
59 24 1
59 26 2
68 27 1
68 28 1
68 29 1
68 30 1
72 27 1
72 28 1
72 29 1
72 30 1
74 9 1
74 16 1
74 17 1
74 19 1
74 21 1
74 25 1
74 31 1
74 32 1
78 2 1
78 3 1
78 8 1
78 10 1
78 25 1
78 33 1
78 34 1
78 35 1
78 36 1
78 37 1
78 38 1
78 39 1
78 40 1
78 41 1
78 42 1
79 2 1
79 3 1
79 8 1
79 10 1
79 25 1
79 26 1
79 33 1
79 34 1
79 35 1
79 36 1
79 37 1
79 38 1
79 39 1
79 40 1
79 41 1
79 42 1
79 43 1
80 1 1
80 3 2
80 8 1
80 12 1
80 17 1
80 19 1
80 31 1
80 32 1
80 43 1
80 44 1
80 45 2
82 19 1
82 44 1
82 45 1
82 46 1
84 2 1
84 3 1
84 5 1
84 10 1
84 13 1
84 14 1
84 15 1
84 18 1
84 47 1
86 2 1
86 47 1
86 48 1
88 6 1
88 11 1
88 14 1
88 15 3
88 26 1
88 44 1
88 46 1
90 12 1
90 15 1
90 20 1
90 21 1
90 47 1
90 48 1
